0,278
0,9
71,3
71,2
71,1
71,0
146,52
146,51
146,50
146,49
146,48
146,47
146,46
146,45
146,44
146,43
146,42
146,41
146,40
146,39
146,38
146,37
146,36
146,35
10,150
10,250
10,293
10,193
10,140
10,144
10,67
10,2
10,3
11,10
9,7
9,1
9,5
9,2
9,3
8,16
8,5
8,13
8,8
8,10
20,3
20,2
20,1
19,3
19,2
19,1
18,3
18,1
14,3
14,1
13,3
13,1
12,3
12,2
12,1
11,28
11,27
11,26
11,25
11,24
11,23
11,22
11,21
11,20
11,18
11,17
11,16
11,15
11,14
11,13
11,12
11,11
11,9
11,8
11,7
11,6
11,5
11,4
11,3
11,2
11,1
10,301
10,297
10,289
10,286
10,281
10,277
10,275
10,274
10,267
10,265
10,261
10,256
10,249
10,246
10,240
10,239
10,238
10,237
10,228
10,221
10,216
10,213
10,208
10,202
10,199
10,197
10,191
10,190
10,189
10,179
